4294967279,109
4294967279,113
4294967279,112
4294967279,111
4294967279,110
4294967279,412
4294967279,268
4294967278,345
4294967278,88
4294967278,174
4294967278,263
4294967279,411
4294967279,410
4294967278,262
4294967279,264
4294967279,409
4294967278,344
4294967278,343
4294967279,117
4294967279,116
4294967279,115
4294967279,114
4294967279,408
4294967278,342
4294967279,407
4294967278,341
4294967279,252
4294967278,340
4294967279,406
4294967278,231
4294967279,124
4294967279,123
4294967279,122
4294967279,121
4294967279,120
4294967279,119
4294967279,118
4294967279,405
4294967278,339
4294967278,338
4294967279,404
4294967278,337
4294967278,336
4294967279,403
4294967278,335
4294967278,185
4294967278,5
4294967278,4
4294967279,132
4294967279,131
4294967279,130
4294967279,129
4294967279,128
4294967279,127
4294967279,126
4294967279,125
4294967279,402
4294967278,334
4294967278,20
4294967278,19
4294967278,18
4294967278,17
4294967278,16
4294967278,15
4294967278,14
4294967278,13
4294967278,12
4294967278,11
4294967278,10
4294967278,9
4294967278,8
4294967278,7
4294967278,6
4294967279,401
4294967278,333
4294967278,156
4294967278,155
4294967279,400
4294967278,332
4294967279,399
4294967278,151
4294967294,180
4294967294,175
4294967294,183
4294967294,168
4294967294,162
4294967294,104
4294967294,106
4294967294,166
4294967294,24
4294967294,189
4294967294,190
4294967279,398
4294967278,331
4294967278,330
4294967278,141
4294967278,329
4294967278,328
4294967278,139
4294967279,397
4294967278,138
4294967279,279
4294967278,276
4294967278,36
4294967278,35
4294967278,34
4294967278,33
4294967278,32
4294967278,31
4294967278,30
4294967278,29
4294967278,28
4294967278,27
4294967278,26
4294967278,25
4294967278,24
4294967278,23
4294967278,22
4294967278,21
4294967279,23
4294967279,22
4294967279,21
4294967279,20
4294967279,19
4294967279,18
4294967279,17
4294967279,15
4294967279,14
4294967279,12
4294967294,30
4294967294,947
4294967294,946
4294967294,944
4294967294,943
4294967294,938
4294967294,927
4294967294,899
4294967294,897
4294967294,896
4294967294,437
4294967294,831
4294967294,60
4294967294,12
4294967294,18
4294967294,14
4294967294,20
4294967279,267
4294967279,11
4294967279,286
4294967279,262
4294967294,396
4294967294,409
4294967294,399
4294967294,179
4294967294,385
4294967294,421
4294967294,952
4294967294,398
4294967294,384
4294967294,411
4294967294,160
4294967294,463
4294967294,412
4294967294,119
4294967279,285
4294967279,396
18,5
4294967279,284
4294967279,259
18,4
4294967278,327
18,3
18,2
18,1
4294967278,326
4294967279,258
4294967278,325
4294967279,395
4294967294,905
4294967278,324
4294967279,394
4294967278,323
4294967278,256
4294967279,393
4294967278,322
4294967279,392
4294967294,38
4294967294,37
4294967294,44
4294967294,29
4294967294,40
4294967294,43
4294967278,321
4294967278,320
4294967279,391
4294967279,390
4294967278,319
4294967279,389
4294967278,254
4294967278,250
4294967294,42
17,6
4294967278,253
17,5
17,4
4294967278,252
17,3
17,2
17,1
4294967278,251
4294967294,76
4294967294,393
4294967278,249
4294967294,5
4294967294,53
4294967294,51
4294967294,417
4294967279,388
4294967278,247
4294967278,245
4294967294,82
4294967278,242
4294967294,36
4294967294,39
4294967294,91
4294967294,88
4294967294,87
4294967294,85
4294967294,84
4294967294,968
4294967278,240
4294967278,241
4294967278,238
4294967278,237
4294967278,232
4294967278,236
4294967278,234
4294967278,233
4294967278,230
4294967278,228
4294967278,226
4294967294,469
4294967278,224
4294967278,222
14,4
4294967278,220
14,3
14,2
14,1
4294967278,219
4294967278,218
4294967278,213
4294967294,185
4294967278,215
4294967278,318
4294967294,425
4294967294,440
13,6
4294967294,471
4294967294,419
4294967278,212
4294967278,317
4294967279,387
4294967279,386
4294967278,211
13,5
4294967278,209
13,4
4294967278,208
13,3
13,2
13,1
4294967278,316
4294967278,207
4294967278,204
4294967279,385
4294967278,315
4294967278,314
4294967278,0
12,5
4294967278,203
4294967294,89
4294967278,202
12,4
12,3
12,2
12,1
4294967279,384
4294967278,201
4294967294,429
4294967294,415
4294967278,200
4294967278,313
4294967278,312
4294967279,319
4294967278,311
4294967278,195
4294967278,194
4294967278,192
11,4
4294967278,193
11,3
11,2
11,1
4294967278,310
4294967278,191
4294967278,190
4294967279,318
4294967278,189
4294967278,188
4294967278,187
4294967278,309
4294967279,317
4294967279,316
4294967278,186
9,5
4294967278,184
9,4
4294967278,183
9,3
9,2
9,1
4294967278,308
0,7
4294967278,182
4294967279,315
4294967279,0
4294967278,307
4294967294,1
4294967294,392
4294967294,120
4294967294,2
4294967279,314
4294967279,313
4294967278,306
4294967278,305
4294967279,312
4294967278,304
4294967278,177
4294967278,303
4294967279,311
4294967279,310
4294967278,302
4294967279,309
4294967279,308
4294967278,301
4294967278,300
4294967279,307
4294967278,299
4294967294,909
4294967294,186
4294967294,0
4294967279,306
